   52.5000
      8193       129       129    1.9337    2.5172    4.9817
      8194       129       129    7.0733    9.8666    2.6856
      8195       129       129    5.2778    6.1620    7.5620
      8196       129       129    2.7913    6.3449    0.6442
      8197       129       129    3.5154    9.5443    7.4890
      8198       129       129    3.2325    0.7791    6.4303
      8199       129       129    6.3649    9.2723    4.7959
      8200       129       129    9.0308    1.5681    5.6030
      8201       129       129    5.2071    2.1574    1.8105
      8202       129       129    6.2989    9.2630    0.7052
      8203       129       129    7.2650    3.1360    1.8276
      8204       129       129    3.2996    5.8888    0.5815
      8205       129       129    0.6983    9.8701    8.1632
      8206       129       129    9.7317    4.6923    8.5199
      8207       129       129    0.2016    0.0636    4.9163
      8208       129       129    4.8623    8.7036    3.1547
      8209       129       129    8.2089    7.0091    3.2689
      8210       129       129    9.8671    9.9875    7.3469
      8211       129       129    8.8963    6.5652    7.6834
      8212       129       129    8.3330    4.5451    3.4643
      8213       129       129    9.6107    1.6432    2.8363
      8214       129       129    3.5518    9.5770    5.9782
      8215       129       129    2.5224    8.6041    8.8638
      8216       129       129    7.0238    4.0857    3.4568
      8217       129       129    5.8866    0.4901    2.4942
      8218       129       129    1.6517    3.1416    2.8063
      8219       129       129    7.7940    4.5392    4.0934
      8220       129       129    0.9553    7.9686    5.4054
      8221       129       129    7.8375    5.1934    1.4026
      8222       129       129    9.7869    1.6633    6.8931
      8223       129       129    9.3289    6.3988    3.7131
      8224       129       129    5.7972    9.6322    1.9095
      8225       129       129    6.6869    0.9064    6.3634
      8226       129       129    3.3412    7.0271    6.9698
      8227       129       129    7.8004    4.4457    7.7481
      8228       129       129    5.8699    9.1284    4.4582
      8229       129       129    3.4366    0.1511    9.6826
      8230       129       129    5.8998    0.5117    9.6210
      8231       129       129    1.8409    6.2582    1.0503
      8232       129       129    2.4286    2.4069    4.7259
      8233       129       129    8.2523    0.7179    4.7978
      8234       129       129    9.9425    2.7156    6.8771
      8235       129       129    9.6065    2.3309    6.7818
      8236       129       129    9.9899    4.9140    9.2596
      8237       129       129    3.6225    1.2884    9.3783
      8238       129       129    0.3991    0.8272    8.8375
      8239       129       129    7.4778    3.3378    1.2113
      8240       129       129    4.4178    4.0661    4.6810
      8241       129       129    1.8488    5.3839    6.9683
      8242       129       129    3.4368    1.3680    8.1319
      8243       129       129    6.6645    6.0497    5.6041
      8244       129       129    3.4087    2.9773    9.2707
      8245       129       129    2.1338    6.9817    3.0739
      8246       129       129    2.1063    6.7723    3.7834
      8247       129       129    8.4955    5.2311    5.9235
      8248       129       129    6.4886    1.9137    0.9688
      8249       129       129    8.1297    2.8682    6.2137
      8250       129       129    8.6882    2.0857    7.4699
      8251       129       129    0.2681    6.2688    8.5041
      8252       129       129    2.5229    8.3888    3.6570
      8253       129       129    4.6389    6.1160    5.9484
      8254       129       129    8.9588    8.4935    6.7897
      8255       129       129    7.1003    6.9541    3.3357
      8256       129       129    5.7540    8.2410    8.4481
      8257       129       129    0.9363    1.0413    6.5768
      8258       129       129    2.1623    6.7022    6.8313
      8259       129       129    2.7145    7.6709    6.4004
      8260       129       129    8.1393    0.0381    9.7731
      8261       129       129    2.1497    3.6755    2.7306
      8262       129       129    4.8204    2.8396    5.1724
      8263       129       129    2.3113    1.0120    0.0800
      8264       129       129    1.9672    7.4545    5.0815
      8265       129       129    3.7111    6.6513    4.3668
      8266       129       129    0.0720    0.4458    7.8310
      8267       129       129    6.4860    3.0721    5.8182
      8268       129       129    3.4030    1.3766    8.8069
      8269       129       129    3.3401    0.1221    2.7603
      8270       129       129    3.2976    0.7247    7.6785
      8271       129       129    6.3519    7.3965    6.3953
      8272       129       129    8.8434    8.5252    2.3992
      8273       129       129    7.2168    8.5029    8.1486
      8274       129       129    1.7259    2.5988    6.1395
      8275       129       129    9.7663    8.6038    5.3690
      8276       129       129    0.1699    5.6595    4.6133
      8277       129       129    3.4208    2.8846    2.9521
      8278       129       129    7.9238    9.2294    6.1332
      8279       129       129    3.1704    3.9961    3.7266
      8280       129       129    3.2608    4.7812    5.4304
      8281       129       129    9.8454    5.1403    5.8440
      8282       129       129    0.4101    3.0066    8.3837
      8283       129       129    5.3152    6.0199    4.8749
      8284       129       129    6.6694    5.2684    3.0032
      8285       129       129    8.5952    2.3011    0.0892
      8286       129       129    2.8359    8.8068    4.6716
      8287       129       129    8.9597    3.8923    4.5642
      8288       129       129    2.3515    5.4963    2.4332
      8289       129       129    8.9491    9.0328    1.0417
      8290       129       129    0.6188    2.2167    2.7042
      8291       129       129    1.5836    7.7031    9.5839
      8292       129       129    4.8252    9.5014    5.2936
      8293       129       129    5.2980    8.5086    5.2276
      8294       129       129    0.5027    7.3633    0.9483
      8295       129       129    3.6982    7.0285    9.3190
      8296       129       129    0.4479    2.5753    6.5892
      8297       129       129    0.8667    1.8888    4.8758
      8298       129       129    0.0239    1.6590    1.5739
      8299       129       129    1.5780    7.4758    7.7083
      8300       129       129    1.6030    6.5338    9.2506
      8301       129       129    9.9752    7.9404    7.3472
      8302       129       129    7.7716    6.1755    4.1147
      8303       129       129    6.1228    4.0121    4.2207
      8304       129       129    6.1337    0.3396    2.0750
      8305       129       129    5.5371    8.5946    6.5252
      8306       129       129    3.9925    1.5352    3.0064
      8307       129       129    8.0727    2.3648    4.8784
      8308       129       129    6.0734    2.6279    5.1702
      8309       129       129    1.5975    1.2220    1.1693
      8310       129       129    9.2074    6.1438    7.4816
      8311       129       129    3.3390    3.4655    1.1018
      8312       129       129    5.0956    3.4725    2.8113
      8313       129       129    9.5177    6.1971    6.1302
      8314       129       129    2.0845    4.3649    4.0921
      8315       129       129    6.9067    4.2638    1.9305
      8316       129       129    1.2408    1.2351    4.5560
      8317       129       129    1.6549    4.4148    4.5995
      8318       129       129    2.8229    6.0658    4.4277
      8319       129       129    6.0137    8.2388    7.3469
      8320       129       129    2.6913    5.4174    5.5525
      8321       129       129    3.0997    2.1503    1.0502
      8322       129       129    1.8751    2.7939    0.9107
      8323       129       129    2.6314    1.5547    6.3671
      8324       129       129    3.1756    2.6573    3.0148
      8325       129       129    3.1430    6.1730    5.9682
      8326       129       129    4.4406    6.2847    3.4006
      8327       129       129    9.7770    3.6825    5.2110
      8328       129       129    8.5852    8.1382    0.3199
      8329       129       129    9.2127    4.4946    0.3390
      8330       129       129    2.5833    1.0926    4.8335
      8331       129       129    0.1570    4.1328    1.4398
      8332       129       129    7.5713    5.9528    6.4983
      8333       129       129    8.4132    2.2663    4.8914
      8334       129       129    2.9808    5.0194    3.8315
      8335       129       129    9.8105    1.3129    2.6267
      8336       129       129    6.2670    2.5571    0.6071
      8337       129       129    5.5605    4.6408    3.0198
      8338       129       129    3.9767    0.5670    6.2808
      8339       129       129    2.0250    6.1758    8.2571
      8340       129       129    6.8704    5.6615    0.4585
      8341       129       129    8.4999    8.9479    8.2106
      8342       129       129    7.3321    7.6754    3.2100
      8343       129       129    5.1260    1.5809    5.4848
      8344       129       129    2.6794    4.6365    0.8675
      8345       129       129    9.5439    2.3695    9.6143
      8346       129       129    9.7109    2.1917    8.4041
      8347       129       129    3.3145    9.4261    1.9047
      8348       129       129    5.8821    8.9984    3.8497
      8349       129       129    7.1506    8.1259    0.3992
      8350       129       129    5.9532    0.6689    4.8455
      8351       129       129    1.3291    6.0485    9.7038
      8352       129       129    8.0357    8.2334    8.1912
      8353       129       129    3.9430    1.3152    1.6543
      8354       129       129    9.1380    0.2282    1.9187
      8355       129       129    7.0448    3.4269    2.1072
      8356       129       129    3.0440    4.3605    1.6915
      8357       129       129    9.4845    8.4930    1.2820
      8358       129       129    9.8271    1.7768    6.2751
      8359       129       129    1.0023    3.5365    4.7089
      8360       129       129    4.0551    1.1755    9.6434
      8361       129       129    2.2579    1.8011    3.9769
      8362       129       129    3.0968    6.7939    9.5234
      8363       129       129    9.5174    6.2150    4.7268
      8364       129       129    0.0810    5.3787    7.2977
      8365       129       129    9.6125    5.1703    7.1955
      8366       129       129    3.2042    8.9028    6.1038
      8367       129       129    6.8386    4.4393    0.2333
      8368       129       129    1.0978    3.1017    5.0037
      8369       129       129    2.6746    9.5796    1.4426
      8370       129       129    2.5452    7.7802    5.5830
      8371       129       129    7.8323    6.4927    1.8656
      8372       129       129    5.5067    6.9028    6.5988
      8373       129       129    5.2771    5.4127    8.2692
      8374       129       129    5.5248    4.9647    5.3331
      8375       129       129    3.0180    9.1104    0.0934
      8376       129       129    3.5212    9.3693    1.6871
      8377       129       129    5.7376    6.2815    8.3506
      8378       129       129    7.0320    4.3672    8.9476
      8379       129       129    0.4935    1.8505    8.9405
      8380       129       129    1.8954    1.5401    1.5368
      8381       129       129    7.0636    6.0288    4.5235
      8382       129       129    9.6082    6.6558    3.6870
      8383       129       129    7.9375    1.2546    7.8807
      8384       129       129    9.4287    8.9660    0.5685
      8385       129       129    9.7101    9.5404    6.3637
      8386       129       129    1.5444    6.2918    2.6646
      8387       129       129    5.8054    6.8962    8.0413
      8388       129       129    8.2760    6.5534    9.5053
      8389       129       129    4.1349    4.5135    6.1254
      8390       129       129    7.0973    8.4582    9.0143
      8391       129       129    2.5847    3.7214    5.0233
      8392       129       129    1.3976    8.6267    0.2493
      8393       129       129    1.4089    9.9796    3.1177
      8394       129       129    1.1311    3.0690    6.9943
      8395       129       129    0.8678    3.7755    1.1687
      8396       129       129    4.1508    6.6889    7.1339
      8397       129       129    3.7802    2.2537    0.1294
      8398       129       129    3.0357    0.6601    9.1801
      8399       129       129    0.6359    7.2206    6.1138
      8400       129       129    0.5682    3.8979    9.3868
      8401       129       129    0.2724    6.6161    9.1280
      8402       129       129    7.3243    9.8221    3.4782
      8403       129       129    0.9256    0.7735    3.8469
      8404       129       129    9.1783    7.8561    8.5684
      8405       129       129    7.2390    4.4543    6.0526
      8406       129       129    2.8801    1.7199    3.0230
      8407       129       129    5.2200    2.7153    0.5547
      8408       129       129    0.1341    9.4812    3.8484
      8409       129       129    6.4464    4.2255    5.6039
      8410       129       129    7.1451    3.4120    5.8408
      8411       129       129    9.4216    6.2864    6.0036
      8412       129       129    4.5989    8.6343    1.6299
      8413       129       129    0.5132    9.5007    9.5146
      8414       129       129    9.0057    6.9934    5.1454
      8415       129       129    5.4832    4.4557    7.8944
      8416       129       129    1.2846    9.6263    3.6022
      8417       129       129    4.3862    1.8227    1.3893
      8418       129       129    8.3465    0.9064    3.7485
      8419       129       129    4.9967    7.7955    8.4786
      8420       129       129    3.9813    2.4474    4.0045
      8421       129       129    3.9910    2.9332    0.9404
      8422       129       129    3.2712    1.8451    9.4951
      8423       129       129    6.7084    1.0502    6.4651
      8424       129       129    6.8346    5.8401    1.2611
      8425       129       129    9.7304    4.5497    8.2914
      8426       129       129    8.3190    3.6007    3.4807
      8427       129       129    2.5173    1.0484    6.1079
      8428       129       129    5.9509    9.2737    7.0204
      8429       129       129    6.9045    1.2984    0.1681
      8430       129       129    3.1606    0.1666    0.6307
      8431       129       129    1.7125    6.8171    5.9815
      8432       129       129    2.1919    9.1790    3.3391
      8433       129       129    2.3556    3.5050    1.1949
      8434       129       129    7.5285    2.7669    4.1769
      8435       129       129    0.8655    3.9097    1.6449
      8436       129       129    9.7570    9.5561    6.8168
      8437       129       129    4.6254    8.9285    0.6386
      8438       129       129    2.7631    6.9902    0.4026
      8439       129       129    9.3931    7.4279    9.5429
      8440       129       129    5.7304    9.5981    2.6640
      8441       129       129    2.3158    5.5086    8.1391
      8442       129       129    0.9465    9.4339    3.1717
      8443       129       129    5.0139    8.3564    6.3897
      8444       129       129    0.6943    7.9833    1.8943
      8445       129       129    3.7571    9.6802    5.1775
      8446       129       129    1.9837    3.5838    6.0835
      8447       129       129    3.6538    9.2734    3.2693
      8448       129       129    3.8048    5.4232    4.8044
      8449       129       129    1.3004    6.4716    4.8552
      8450       129       129    7.5768    4.9628    2.6331
      8451       129       129    6.7037    3.1661    8.2469
      8452       129       129    8.0070    6.2525    7.6902
      8453       129       129    8.4868    9.0335    2.4515
      8454       129       129    6.9976    8.1010    0.9081
      8455       129       129    6.2049    4.8562    9.2237
      8456       129       129    7.0945    6.8923    4.9660
      8457       129       129    8.4332    5.1671    9.7035
      8458       129       129    7.5109    8.3611    9.6836
      8459       129       129    9.8472    5.7246    6.0013
      8460       129       129    8.6517    6.6848    6.6527
      8461       129       129    8.8217    3.8196    8.7735
      8462       129       129    2.0441    4.3395    8.1352
      8463       129       129    3.8081    5.2167    3.4022
      8464       129       129    6.6922    3.6238    2.2749
      8465       129       129    6.6309    8.1794    3.4859
      8466       129       129    2.0566    0.4302    1.6007
      8467       129       129    4.2980    0.6744    7.6237
      8468       129       129    0.6416    1.9870    7.7259
      8469       129       129    0.6695    2.1039    5.2430
      8470       129       129    3.8093    3.3854    1.8209
      8471       129       129    1.2392    2.7041    9.9691
      8472       129       129    9.7332    4.0662    0.9007
      8473       129       129    0.6065    1.0473    5.6595
      8474       129       129    5.7718    4.4028    8.5890
      8475       129       129    6.1072    8.4640    5.9927
      8476       129       129    4.1945    6.0414    6.7146
      8477       129       129    0.0402    3.3093    4.8784
      8478       129       129    7.4358    5.9680    4.3240
      8479       129       129    0.8879    7.6729    8.8363
      8480       129       129    9.2215    9.2054    8.6350
      8481       129       129    1.7960    5.9102    1.4888
      8482       129       129    5.9575    6.8280    0.8577
      8483       129       129    5.6800    7.8161    0.3080
      8484       129       129    3.2078    7.0353    4.2820
      8485       129       129    1.7974    3.4953    4.3009
      8486       129       129    8.8206    0.4394    5.6341
      8487       129       129    2.5096    1.2711    0.6030
      8488       129       129    4.9940    6.6333    7.2441
      8489       129       129    4.4169    6.6949    2.6428
      8490       129       129    0.4928    9.6089    0.0848
      8491       129       129    9.8020    2.3393    2.7768
      8492       129       129    5.0898    5.5653    0.0750
      8493       129       129    7.6720    6.9031    4.2999
      8494       129       129    0.4966    1.2306    4.3583
      8495       129       129    9.3823    1.9535    4.7084
      8496       129       129    0.3063    7.3049    3.4966
      8497       129       129    0.4703    7.9571    8.6045
      8498       129       129    2.5582    5.6374    1.4577
      8499       129       129    7.1713    0.8588    6.6700
      8500       129       129    7.3360    4.6309    9.8270
      8501       129       129    1.5476    1.3090    9.4265
      8502       129       129    5.2707    2.8310    0.1893
      8503       129       129    8.1293    2.7722    7.9584
      8504       129       129    6.9609    1.7957    6.1601
      8505       129       129    9.1431    4.2201    2.5452
      8506       129       129    5.4745    3.4769    6.0455
      8507       129       129    6.5249    2.9158    4.2543
      8508       129       129    6.0028    3.4047    8.1254
      8509       129       129    5.1279    3.7323    4.0689
      8510       129       129    6.9607    5.1137    8.1643
      8511       129       129    7.4552    3.4220    7.0534
      8512       129       129    2.9184    6.2338    7.8358
      8513       129       129    0.0828    8.5838    2.9475
      8514       129       129    6.4851    9.1712    5.5482
      8515       129       129    8.2231    9.6611    5.2278
      8516       129       129    2.5565    9.1994    3.0266
      8517       129       129    6.4442    4.2538    3.0438
      8518       129       129    0.4378    2.8160    6.0166
      8519       129       129    3.6863    9.7767    5.6516
      8520       129       129    5.5998    9.4775    3.6886
      8521       129       129    4.8607    8.3068    3.4022
      8522       129       129    2.2901    2.7667    6.2240
      8523       129       129    1.5917    7.2264    2.5549
      8524       129       129    4.4885    9.7182    7.8114
      8525       129       129    3.9635    8.2540    2.5529
      8526       129       129    8.9200    3.8669    3.3648
      8527       129       129    9.4992    1.4172    2.5353
      8528       129       129    1.6263    3.7376    5.1061
      8529       129       129    9.6369    5.0427    3.9291
      8530       129       129    1.4971    5.8963    7.1260
      8531       129       129    2.9563    6.9290    5.9384
      8532       129       129    1.1889    0.2001    0.9421
      8533       129       129    8.4612    8.4785    5.9023
      8534       129       129    1.4638    0.8855    7.4075
      8535       129       129    8.8388    7.7764    0.3502
      8536       129       129    9.0781    5.7514    2.5165
      8537       129       129    1.7689    6.3719    1.1937
      8538       129       129    6.7266    0.7593    3.6927
      8539       129       129    5.6025    3.5878    3.8987
      8540       129       129    4.3881    0.1441    8.3372
      8541       129       129    0.4350    5.2332    8.8002
      8542       129       129    7.6416    7.4531    6.0690
      8543       129       129    8.8609    3.5342    2.8633
      8544       129       129    1.1577    9.1293    7.4502
      8545       129       129    4.6488    2.6934    9.1998
      8546       129       129    2.2544    7.8226    3.0777
      8547       129       129    3.1730    3.3846    9.4503
      8548       129       129    5.4328    5.9332    1.3078
      8549       129       129    7.5198    2.6876    9.1365
      8550       129       129    2.9563    1.9478    9.9901
      8551       129       129    5.2855    3.3488    9.5257
      8552       129       129    7.6582    7.5286    6.2630
      8553       129       129    0.2347    9.8663    6.3364
      8554       129       129    6.7186    3.8638    9.1071
      8555       129       129    4.3329    9.3746    3.8984
      8556       129       129    2.1591    3.7572    5.7612
      8557       129       129    7.4755    5.6684    9.2649
      8558       129       129    0.4945    7.6378    8.7868
      8559       129       129    6.9641    1.0375    1.7599
      8560       129       129    0.3015    0.9190    9.6252
      8561       129       129    4.6664    5.7901    8.1766
      8562       129       129    3.1136    1.2338    5.4526
      8563       129       129    4.7116    4.5774    9.0705
      8564       129       129    6.7891    7.6412    0.0540
      8565       129       129    9.3781    9.3374    8.8307
      8566       129       129    4.1093    2.4418    8.2213
      8567       129       129    2.7231    6.9786    3.4444
      8568       129       129    6.0137    4.9763    8.3374
      8569       129       129    3.7614    2.6024    1.5853
      8570       129       129    0.6642    7.1760    4.1412
      8571       129       129    3.5932    9.3358    5.4981
      8572       129       129    8.7919    0.1093    7.2891
      8573       129       129    5.9857    8.2526    5.3672
      8574       129       129    9.9108    4.9339    6.4809
      8575       129       129    9.4096    1.1773    8.0618
      8576       129       129    3.7710    4.3337    9.1658
      8577       129       129    1.9463    8.6320    2.1295
      8578       129       129    7.8269    4.7717    9.3181
      8579       129       129    0.1923    1.7285    7.9110
      8580       129       129    7.3261    0.4248    2.9485
      8581       129       129    9.3361    0.5012    2.7431
      8582       129       129    9.9832    6.0118    5.7817
      8583       129       129    0.3947    9.4267    4.9026
      8584       129       129    4.6237    9.2347    0.9472
      8585       129       129    5.9855    2.4390    0.1578
      8586       129       129    5.6537    6.0259    2.0523
      8587       129       129    9.8186    9.5482    8.9582
      8588       129       129    8.0883    8.7026    1.5007
      8589       129       129    6.6793    7.0157    1.7358
      8590       129       129    0.4721    1.0222    9.5999
      8591       129       129    7.8554    8.3772    1.8753
      8592       129       129    1.5240    5.3033    9.2946
      8593       129       129    4.2018    5.4029    7.9750
      8594       129       129    5.2921    3.1982    7.3274
      8595       129       129    3.7994    6.7262    3.9462
      8596       129       129    1.5247    5.3651    5.8372
      8597       129       129    7.5769    3.6199    6.8288
      8598       129       129    6.2840    2.7040    7.1830
      8599       129       129    4.0954    5.3748    7.7423
      8600       129       129    5.2725    0.3664    4.4878
      8601       129       129    8.8416    0.8181    1.8424
      8602       129       129    9.7134    0.2570    1.1799
      8603       129       129    2.6999    0.5698    6.1799
      8604       129       129    0.3248    6.8288    9.8867
      8605       129       129    6.1953    9.0379    4.7412
      8606       129       129    1.4743    7.5333    8.9731
      8607       129       129    5.1122    6.6909    1.5681
      8608       129       129    3.0405    6.9426    9.1064
      8609       129       129    5.5312    5.2458    0.3905
      8610       129       129    5.2665    8.6399    7.9868
      8611       129       129    2.7718    6.5074    3.7750
      8612       129       129    6.3672    2.6634    8.1948
      8613       129       129    2.8165    2.4612    7.9633
      8614       129       129    4.0582    0.8637    8.2792
      8615       129       129    9.4795    5.1379    3.3446
      8616       129       129    7.1494    4.9233    3.6610
      8617       129       129    5.4040    3.2375    2.4937
      8618       129       129    3.1118    3.9555    0.1429
      8619       129       129    0.5293    0.3616    3.5789
      8620       129       129    1.0886    0.2027    0.6983
      8621       129       129    7.3958    7.6137    5.3832
      8622       129       129    2.3039    4.6576    7.8672
      8623       129       129    3.6877    4.1587    9.1799
      8624       129       129    3.6385    4.3617    6.2466
      8625       129       129    7.3935    4.5914    1.6366
      8626       129       129    1.5974    4.7451    9.0179
      8627       129       129    6.1821    9.3558    8.6840
      8628       129       129    8.9128    2.6819    2.1993
      8629       129       129    8.4617    6.5625    5.3999
      8630       129       129    6.2265    4.8667    1.1759
      8631       129       129    7.4161    3.6937    2.7337
      8632       129       129    2.7065    3.7806    8.3440
      8633       129       129    2.7555    3.9430    4.5297
      8634       129       129    7.8256    2.6102    3.9066
      8635       129       129    0.0664    7.2562    6.3904
      8636       129       129    0.6831    8.6203    4.4641
      8637       129       129    7.7735    5.0535    4.6778
      8638       129       129    3.3512    8.4751    8.4971
      8639       129       129    0.4988    5.3597    4.8722
      8640       129       129    5.3355    9.8869    3.6744
      8641       129       129    5.1560    2.0584    0.8595
      8642       129       129    6.8518    6.6146    7.2626
      8643       129       129    5.9625    2.3625    0.4497
      8644       129       129    0.0932    8.1414    0.3237
      8645       129       129    4.6601    5.7620    9.9949
      8646       129       129    4.9932    2.5615    8.2009
      8647       129       129    1.2585    3.8695    2.8129
      8648       129       129    3.0829    3.2479    4.3573
      8649       129       129    0.3365    7.3948    4.9494
      8650       129       129    2.1106    2.9768    1.8047
      8651       129       129    9.7385    5.3687    2.2926
      8652       129       129    3.8256    8.6912    4.9606
      8653       129       129    0.0132    8.9065    1.6517
      8654       129       129    4.5405    6.5572    2.8883
      8655       129       129    6.7170    7.8021    4.4583
      8656       129       129    6.4889    1.7678    8.6467
      8657       129       129    9.2192    1.0968    6.5403
      8658       129       129    5.8991    1.3930    8.5761
      8659       129       129    7.0115    8.1213    3.0394
      8660       129       129    8.5979    7.4159    6.0575
      8661       129       129    1.8727    9.3527    5.5552
      8662       129       129    3.7064    2.9245    4.6001
      8663       129       129    4.3622    5.7325    5.9465
      8664       129       129    6.4114    8.0176    5.6592
      8665       129       129    1.2324    0.5898    8.8290
      8666       129       129    2.3304    2.9605    4.6119
      8667       129       129    7.2478    2.1294    8.3170
      8668       129       129    8.7890    8.2024    6.6075
      8669       129       129    8.3918    3.0464    2.6221
      8670       129       129    0.7131    7.6622    7.1671
      8671       129       129    5.1098    8.6163    0.3340
      8672       129       129    8.3010    5.9524    4.8129
      8673       129       129    2.3690    2.5013    9.7834
      8674       129       129    9.6289    6.2112    3.9208
      8675       129       129    3.0549    3.5549    9.1800
      8676       129       129    9.8763    6.8445    4.9382
      8677       129       129    7.7496    4.5602    7.8404
      8678       129       129    2.7047    2.6214    1.6619
      8679       129       129    1.9983    0.5236    6.1297
      8680       129       129    9.2792    9.6068    7.9734
      8681       129       129    2.1705    9.2347    2.5326
      8682       129       129    4.6546    5.9542    4.0274
      8683       129       129    3.7375    0.4895    4.5535
      8684       129       129    6.8840    0.4416    1.2395
      8685       129       129    3.4055    3.8806    5.3594
      8686       129       129    0.7854    4.4166    8.3284
      8687       129       129    7.9899    4.1131    5.3939
      8688       129       129    4.6337    6.7626    8.0632
      8689       129       129    1.0988    1.1095    8.8485
      8690       129       129    1.2767    5.8232    9.2411
      8691       129       129    6.6831    4.5351    0.8693
      8692       129       129    8.3800    0.7995    9.7622
      8693       129       129    1.9406    5.0536    8.3501
      8694       129       129    8.5348    5.8897    1.7786
      8695       129       129    9.0539    1.8594    5.5435
      8696       129       129    7.9959    7.9172    2.9209
      8697       129       129    1.1347    2.3754    4.9460
      8698       129       129    7.8553    4.9289    2.0229
      8699       129       129    0.0420    2.3309    0.8180
      8700       129       129    4.1417    4.3825    3.1108
      8701       129       129    7.9754    0.1341    0.9079
      8702       129       129    9.9780    2.4354    2.5703
      8703       129       129    3.8048    0.7581    7.8835
      8704       129       129    6.7797    7.0648    3.1151
      8705       129       129    3.0540    5.0986    0.1254
      8706       129       129    8.3270    6.4050    3.8013
      8707       129       129    8.3523    0.3699    1.7972
      8708       129       129    1.0751    3.8972    4.6468
      8709       129       129    0.9657    3.1101    0.6244
      8710       129       129    3.2497    0.2754    8.4492
      8711       129       129    0.5590    4.9960    6.3490
      8712       129       129    6.1357    7.5202    5.7359
      8713       129       129    8.5193    2.6187    3.2494
      8714       129       129    9.6453    8.9058    4.0396
      8715       129       129    6.8145    2.0729    3.9021
      8716       129       129    8.7997    6.9936    5.3685
      8717       129       129    6.5745    0.9788    1.3437
      8718       129       129    1.9150    6.7878    6.5187
      8719       129       129    4.1991    1.9798    3.1259
      8720       129       129    2.7019    8.0723    9.2849
      8721       129       129    9.5820    8.4413    2.8526
      8722       129       129    3.6422    5.5715    6.0611
      8723       129       129    1.3312    7.1888    9.1515
      8724       129       129    0.9384    9.5731    2.3740
      8725       129       129    8.6062    9.1162    3.2103
      8726       129       129    0.5493    0.9327    7.9315
      8727       129       129    0.3525    7.5406    2.5104
      8728       129       129    8.0135    3.8393    2.8160
      8729       129       129    0.8399    7.7976    0.0205
      8730       129       129    2.7043    1.1755    6.0911
      8731       129       129    6.5062    5.2799    5.1864
      8732       129       129    7.2829    3.3909    2.2066
      8733       129       129    0.6519    6.6061    5.4168
      8734       129       129    0.3379    5.6718    4.7265
      8735       129       129    8.5836    4.0729    4.5785
      8736       129       129    1.0827    2.2057    9.5259
      8737       129       129    3.9009    2.7331    9.8190
      8738       129       129    4.7584    6.7207    2.9024
      8739       129       129    2.5241    8.9670    6.8683
      8740       129       129    3.3294    9.2413    1.7092
      8741       129       129    5.9002    3.3986    4.3251
      8742       129       129    9.5248    3.5247    3.1997
      8743       129       129    6.6675    2.3331    7.9618
      8744       129       129    8.1058    7.6978    4.9401
      8745       129       129    8.9447    6.2605    5.5671
      8746       129       129    6.2476    6.7587    8.2787
      8747       129       129    6.6729    7.2831    8.9578
      8748       129       129    4.4872    7.0516    6.8084
      8749       129       129    6.9837    8.5954    4.6758
      8750       129       129    4.6264    6.5413    7.6785
      8751       129       129    9.6228    7.9272    2.7563
      8752       129       129    6.7629    1.6597    8.5215
      8753       129       129    6.3122    7.5191    3.6511
      8754       129       129    6.6554    0.1200    4.3259
      8755       129       129    4.7858    2.4208    8.6448
      8756       129       129    8.2442    3.1526    8.0534
      8757       129       129    6.4870    5.9898    8.7498
      8758       129       129    2.6779    4.7488    9.6674
      8759       129       129    3.3048    6.3919    0.2770
      8760       129       129    3.4927    1.7981    6.4893
      8761       129       129    6.7171    7.2756    8.2774
      8762       129       129    4.4783    9.7636    3.9037
      8763       129       129    1.5953    5.3482    1.3431
      8764       129       129    8.9295    4.9025    1.9542
      8765       129       129    6.9232    4.4859    1.2564
      8766       129       129    4.0634    0.9263    9.1707
      8767       129       129    5.2380    1.8425    3.9944
      8768       129       129    6.0995    0.0503    0.4801
      8769       129       129    6.4973    5.4962    1.2859
      8770       129       129    4.3335    9.8981    4.1562
      8771       129       129    5.6580    7.2846    6.5575
      8772       129       129    1.4924    1.4058    5.3703
      8773       129       129    4.0291    0.7165    5.1944
      8774       129       129    3.7098    1.0628    7.6980
      8775       129       129    7.6876    8.5221    3.7544
      8776       129       129    4.8671    2.0062    9.8529
      8777       129       129    6.3498    5.3853    2.7550
      8778       129       129    6.4284    0.5733    2.3773
      8779       129       129    0.2777    7.7201    4.2409
      8780       129       129    8.5361    3.0481    7.5472
      8781       129       129    1.7467    5.8880    5.1495
      8782       129       129    9.5318    1.5056    6.9893
      8783       129       129    4.4013    7.9885    2.6520
      8784       129       129    3.5463    5.7151    9.8691
      8785       129       129    3.8107    8.3969    9.5986
      8786       129       129    8.1427    1.9637    7.5480
      8787       129       129    6.8872    6.9093    3.0583
      8788       129       129    3.4851    6.1104    9.3977
      8789       129       129    4.2723    7.7882    1.0113
      8790       129       129    9.8941    4.8954    8.3753
      8791       129       129    6.3294    0.6881    0.1937
      8792       129       129    2.4243    0.4219    8.0093
      8793       129       129    7.7415    2.1838    8.0447
      8794       129       129    4.0775    9.9415    8.8572
      8795       129       129    5.8933    8.2162    2.4107
      8796       129       129    6.2930    2.5486    2.7878
      8797       129       129    9.4273    8.8295    1.2149
      8798       129       129    1.5067    8.4603    7.1805
      8799       129       129    9.9487    5.9342    3.4458
      8800       129       129    6.2131    1.1946    1.2309
      8801       129       129    1.8299    6.7904    6.6688
      8802       129       129    7.7104    5.2013    1.0733
      8803       129       129    6.9459    5.2374    5.7768
      8804       129       129    1.3338    3.5678    0.3256
      8805       129       129    5.1881    1.8115    0.0541
      8806       129       129    4.2068    9.3995    8.1579
      8807       129       129    5.3494    8.6601    7.9246
      8808       129       129    3.2048    4.1379    6.2367
      8809       129       129    3.3697    4.3484    5.1124
      8810       129       129    0.6059    2.1443    3.6845
      8811       129       129    7.6737    8.5664    6.5722
      8812       129       129    8.1118    4.8023    0.4944
      8813       129       129    6.9835    8.3631    7.9010
      8814       129       129    0.3829    7.4690    2.7627
      8815       129       129    1.6859    3.9189    9.0365
      8816       129       129    5.3246    5.4246    8.2137
      8817       129       129    0.0011    4.5322    5.3516
      8818       129       129    7.2063    5.7492    7.7557
      8819       129       129    3.5895    1.8317    9.4290
      8820       129       129    3.1296    7.2785    6.4587
      8821       129       129    7.4332    2.3798    3.9154
      8822       129       129    5.7810    8.8087    7.5903
      8823       129       129    1.4218    3.8752    2.5849
      8824       129       129    0.0039    9.9826    4.7600
      8825       129       129    9.0408    6.8194    9.2122
      8826       129       129    0.8162    9.6460    1.0663
      8827       129       129    2.0049    1.3141    1.0913
      8828       129       129    7.7166    0.7604    0.8753
      8829       129       129    2.3881    7.3335    6.0777
      8830       129       129    2.6626    7.2494    9.2729
      8831       129       129    7.1478    8.9379    7.7699
      8832       129       129    1.4991    0.9884    5.2655
      8833       129       129    3.5522    1.0557    1.5324
      8834       129       129    9.0326    9.6357    7.8323
      8835       129       129    1.7259    2.2075    4.5571
      8836       129       129    7.4764    1.3515    8.8049
      8837       129       129    7.2740    7.9923    0.1336
      8838       129       129    0.5049    0.9057    6.4677
      8839       129       129    5.0370    7.2799    6.8217
      8840       129       129    9.0110    3.5836    8.1280
      8841       129       129    2.9913    8.7307    7.0828
      8842       129       129    3.1428    7.7796    5.8836
      8843       129       129    1.6640    6.3260    5.9838
      8844       129       129    2.5490    3.0056    0.8676
      8845       129       129    1.6397    7.8520    2.4939
      8846       129       129    6.7155    5.1249    5.4501
      8847       129       129    9.5949    8.6911    7.1366
      8848       129       129    8.2152    1.7322    9.0767
      8849       129       129    9.9117    4.7175    8.6982
      8850       129       129    1.7936    7.7300    8.8689
      8851       129       129    8.1200    6.0896    7.3276
      8852       129       129    4.3370    2.9424    8.4932
      8853       129       129    5.0695    7.7972    6.1376
      8854       129       129    9.6512    6.7952    8.2394
      8855       129       129    8.1734    9.7501    5.6864
      8856       129       129    6.8924    4.4828    3.5545
      8857       129       129    7.2977    3.2528    6.5777
      8858       129       129    9.0147    7.0541    4.3412
      8859       129       129    7.4862    3.7735    6.3892
      8860       129       129    0.3161    1.0035    9.8576
      8861       129       129    5.9744    4.4987    8.7388
      8862       129       129    7.2315    4.3169    2.4671
      8863       129       129    9.7846    0.3844    6.1735
      8864       129       129    1.3492    2.0653    8.1493
      8865       129       129    0.8716    4.3057    2.9410
      8866       129       129    6.4288    6.1321    5.8380
      8867       129       129    4.4716    6.1043    6.7247
      8868       129       129    3.1899    8.4362    0.5472
      8869       129       129    7.5336    0.0453    1.0989
      8870       129       129    5.9930    6.4621    8.0604
      8871       129       129    7.2331    2.7844    5.2363
      8872       129       129    8.6001    7.4614    6.6946
      8873       129       129    6.0284    0.7664    4.6341
      8874       129       129    8.9768    4.0147    1.1855
      8875       129       129    3.8111    7.6379    0.7373
      8876       129       129    0.1471    6.5709    5.9134
      8877       129       129    1.9250    5.0706    9.3629
      8878       129       129    8.9762    2.6807    7.8717
      8879       129       129    0.9718    4.6700    1.0980
      8880       129       129    3.4241    1.3614    4.2218
      8881       129       129    4.9584    0.3027    4.9974
      8882       129       129    5.8996    6.2142    7.0703
      8883       129       129    7.4204    5.9161    6.7600
      8884       129       129    6.4319    0.5557    2.1202
      8885       129       129    3.7067    3.9026    1.6021
      8886       129       129    9.3851    1.0560    6.5446
      8887       129       129    8.6143    1.2708    4.1922
      8888       129       129    7.7711    7.4284    9.4432
      8889       129       129    1.7901    1.7496    5.6097
      8890       129       129    3.0554    8.7152    8.1828
      8891       129       129    9.1223    0.0401    3.3793
      8892       129       129    2.7555    3.7206    0.7336
      8893       129       129    4.9027    8.6719    0.1821
      8894       129       129    6.3453    3.1942    2.6561
      8895       129       129    9.5719    5.2264    7.2193
      8896       129       129    4.6530    0.2039    9.3655
      8897       129       129    9.3274    0.0640    7.6139
      8898       129       129    1.3782    2.3476    3.2699
      8899       129       129    6.7280    3.1415    1.2624
      8900       129       129    4.4171    8.6090    6.5589
      8901       129       129    5.0300    2.8943    4.0721
      8902       129       129    8.4771    3.5523    5.4127
      8903       129       129    3.9136    8.3676    5.6466
      8904       129       129    4.8294    8.7297    2.0008
      8905       129       129    6.9761    2.4922    1.1259
      8906       129       129    6.8624    3.7347    5.0765
      8907       129       129    2.4868    2.7652    3.7070
      8908       129       129    5.7244    1.2507    9.1408
      8909       129       129    7.4968    3.8758    2.6765
      8910       129       129    4.4085    2.3639    3.2188
      8911       129       129    8.1964    0.2213    9.3899
      8912       129       129    6.4030    9.4491    7.5054
      8913       129       129    5.9054    7.3095    1.0655
      8914       129       129    5.6812    0.4277    2.9649
      8915       129       129    2.3530    5.3740    2.0656
      8916       129       129    8.7737    7.9824    5.3796
      8917       129       129    4.0217    1.6915    5.4411
      8918       129       129    3.3557    3.7062    6.6737
      8919       129       129    9.8924    8.8050    7.4490
      8920       129       129    0.2693    7.2868    9.0674
      8921       129       129    5.2521    3.3604    6.4370
      8922       129       129    6.9943    3.7506    6.7943
      8923       129       129    9.3081    5.6003    1.2117
      8924       129       129    3.9637    0.3394    9.5014
      8925       129       129    0.6976    8.7057    5.1486
      8926       129       129    9.5545    4.5797    9.5877
      8927       129       129    0.6935    2.3720    4.8160
      8928       129       129    9.4599    1.7705    7.3556
      8929       129       129    2.4772    4.9737    1.4088
      8930       129       129    3.8494    1.0683    1.1028
      8931       129       129    2.7916    0.2592    3.5550
      8932       129       129    9.6417    4.3118    0.2069
      8933       129       129    7.1420    9.4811    1.5951
      8934       129       129    4.1525    0.0913    1.8083
      8935       129       129    4.3034    7.0475    7.4489
      8936       129       129    8.7276    9.2572    7.0864
      8937       129       129    9.2121    3.0404    2.2525
      8938       129       129    8.9349    3.6386    9.7570
      8939       129       129    6.3102    2.6561    4.1506
      8940       129       129    8.9831    8.3658    7.7588
      8941       129       129    0.2717    5.7549    6.9171
      8942       129       129    2.3270    1.6397    0.9964
      8943       129       129    0.8812    0.0896    4.0663
      8944       129       129    6.9946    7.1920    8.1034
      8945       129       129    0.0646    8.2294    6.6743
      8946       129       129    5.7904    2.3191    5.8721
      8947       129       129    6.9282    8.6142    1.1672
      8948       129       129    7.1255    7.3026    7.2395
      8949       129       129    2.2133    9.3780    8.8278
      8950       129       129    9.9492    1.8199    1.8148
      8951       129       129    4.3788    8.0459    0.0930
      8952       129       129    9.8121    9.2545    2.9010
      8953       129       129    6.9521    3.8349    4.3686
      8954       129       129    1.0101    3.1333    4.6780
      8955       129       129    8.0828    3.0684    3.5358
      8956       129       129    2.1736    4.2107    9.7438
      8957       129       129    4.6612    8.0417    5.1757
      8958       129       129    3.1821    3.9949    9.7818
      8959       129       129    1.1184    5.9177    0.7401
      8960       129       129    6.6120    4.6840    9.8420
      8961       129       129    4.5218    0.6075    6.1328
      8962       129       129    6.6175    2.9209    9.4357
      8963       129       129    3.2463    3.2727    0.7408
      8964       129       129    4.0566    1.6268    1.9654
      8965       129       129    6.0912    1.6349    1.5482
      8966       129       129    7.7130    3.9796    3.4829
      8967       129       129    3.9350    1.0389    1.8338
      8968       129       129    8.1619    2.0263    0.5167
      8969       129       129    7.4353    4.6549    8.9912
      8970       129       129    7.3799    5.5111    8.1933
      8971       129       129    0.0705    2.4517    9.8672
      8972       129       129    7.2880    5.6543    8.1149
      8973       129       129    2.2963    2.2567    9.2731
      8974       129       129    8.3306    1.1610    4.1633
      8975       129       129    5.9303    5.2248    9.8949
      8976       129       129    3.0193    8.1942    7.1326
      8977       129       129    0.8460    7.6349    5.4877
      8978       129       129    4.8049    7.1821    5.2576
      8979       129       129    0.6788    3.0239    2.5839
      8980       129       129    2.9117    6.1488    0.3992
      8981       129       129    0.7751    2.3275    2.2169
      8982       129       129    8.1888    6.6764    7.6448
      8983       129       129    0.5898    3.2779    1.9771
      8984       129       129    7.9499    2.3326    2.8210
      8985       129       129    1.4291    6.2514    4.7396
      8986       129       129    5.6442    2.0943    3.2454
      8987       129       129    6.3149    3.3783    3.9132
      8988       129       129    8.3406    2.7735    5.1201
      8989       129       129    6.2344    3.8130    4.0059
      8990       129       129    8.6968    5.6093    7.9757
      8991       129       129    7.8509    2.9909    1.0855
      8992       129       129    3.4903    4.1316    7.0139
      8993       129       129    2.8716    8.9802    4.8323
      8994       129       129    2.8031    9.8951    9.9811
      8995       129       129    5.9966    5.8894    1.6355
      8996       129       129    9.2103    6.6083    9.8512
      8997       129       129    0.0354    4.1886    0.0667
      8998       129       129    4.5494    0.6678    3.1238
      8999       129       129    7.4300    0.9789    8.1986
      9000       129       129    8.5195    6.1154    1.4057
      9001       129       129    7.9262    0.4291    6.3496
      9002       129       129    8.0600    2.8305    5.7486
      9003       129       129    4.4700    4.5665    8.5894
      9004       129       129    8.7573    1.2525    9.7061
      9005       129       129    2.9854    8.6332    0.9970
      9006       129       129    6.7903    6.7878    8.9992
      9007       129       129    0.6349    9.5054    2.1561
      9008       129       129    4.0362    3.2629    0.2006
      9009       129       129    9.8418    7.7275    6.9022
      9010       129       129    3.4172    1.2168    6.6786
      9011       129       129    9.4599    3.8060    2.9529
      9012       129       129    1.9994    4.8670    0.7773
      9013       129       129    2.8069    1.6361    5.1574
      9014       129       129    0.0202    3.4964    6.5300
      9015       129       129    5.1453    5.5040    9.8500
      9016       129       129    1.0259    7.8743    2.1330
      9017       129       129    7.8786    0.8871    6.9691
      9018       129       129    0.2810    8.9823    9.6300
      9019       129       129    3.4950    1.1093    8.1179
      9020       129       129    6.8273    4.0767    6.4722
      9021       129       129    4.1141    9.1746    2.8685
      9022       129       129    9.6190    5.1456    9.1201
      9023       129       129    1.2281    6.8392    9.5167
      9024       129       129    8.3353    7.7605    1.8331
      9025       129       129    6.8584    1.9609    7.3408
      9026       129       129    2.2507    0.5023    8.6104
      9027       129       129    9.2141    4.5149    7.2119
      9028       129       129    5.0601    2.7753    3.7204
      9029       129       129    4.8794    8.3041    6.9930
      9030       129       129    5.0360    6.6098    9.4201
      9031       129       129    3.2674    6.9518    3.1263
      9032       129       129    0.6093    8.4768    7.8563
      9033       129       129    5.5527    1.2055    6.5836
      9034       129       129    5.5665    1.1824    6.2816
      9035       129       129    6.0488    5.2239    9.9772
      9036       129       129    7.3132    9.0756    5.6676
      9037       129       129    2.5948    5.4349    8.6440
      9038       129       129    0.4088    3.6447    6.6442
      9039       129       129    8.3770    8.8991    5.0489
      9040       129       129    9.1913    9.2159    6.3672
      9041       129       129    4.5581    6.1440    4.6696
      9042       129       129    6.4387    9.6929    5.9566
      9043       129       129    1.6612    7.3540    3.7476
      9044       129       129    6.7713    1.6847    4.5152
      9045       129       129    3.8780    5.8844    8.5315
      9046       129       129    3.3957    8.4610    5.7716
      9047       129       129    6.0875    2.7570    8.1383
      9048       129       129    1.7021    6.2667    1.2742
      9049       129       129    3.6450    2.7793    8.4150
      9050       129       129    8.1886    5.7910    8.8877
      9051       129       129    5.1104    0.3295    4.5437
      9052       129       129    2.8598    9.1571    7.0741
      9053       129       129    4.3620    9.0366    1.8350
      9054       129       129    0.1413    1.9083    0.1171
      9055       129       129    7.2621    7.7676    5.0242
      9056       129       129    1.1759    3.2269    5.2994
      9057       129       129    0.3572    7.2712    8.9441
      9058       129       129    3.1008    0.8712    1.8699
      9059       129       129    6.4131    7.5757    4.9639
      9060       129       129    0.0202    9.5327    2.4338
      9061       129       129    8.4758    5.6550    5.3395
      9062       129       129    4.1929    5.2567    8.9077
      9063       129       129    8.7045    7.9095    6.2120
      9064       129       129    5.3630    4.2642    3.7272
      9065       129       129    4.9518    8.4383    9.7840
      9066       129       129    8.8651    5.0951    8.2560
      9067       129       129    9.0733    9.6691    6.3640
      9068       129       129    4.4317    0.9732    7.1528
      9069       129       129    6.1987    1.0150    2.7567
      9070       129       129    6.9177    0.5801    2.2245
      9071       129       129    9.1288    8.6807    3.7758
      9072       129       129    1.4859    5.0937    7.5542
      9073       129       129    2.5173    6.5021    5.9937
      9074       129       129    0.9620    1.5048    6.3898
      9075       129       129    2.7564    2.6940    1.7755
      9076       129       129    0.0336    8.1928    2.2715
      9077       129       129    0.1626    2.8418    7.2297
      9078       129       129    6.3036    2.8750    5.0094
      9079       129       129    0.2706    4.0468    9.7000
      9080       129       129    8.7958    3.7169    5.7702
      9081       129       129    5.1696    3.1616    0.1753
      9082       129       129    7.9873    2.6876    0.9365
      9083       129       129    0.1543    2.9757    9.4955
      9084       129       129    4.4088    7.2011    6.6374
      9085       129       129    8.8226    3.5301    0.5543
      9086       129       129    8.9108    7.1097    9.0296
      9087       129       129    4.3880    0.0101    2.5298
      9088       129       129    7.6099    8.8070    2.6772
      9089       129       129    0.5577    4.7762    4.2852
      9090       129       129    0.3924    9.5209    7.2752
      9091       129       129    0.2719    2.8251    4.2916
      9092       129       129    6.9457    3.1945    3.2490
      9093       129       129    8.3063    6.7448    5.4815
      9094       129       129    6.0990    7.6156    1.7962
      9095       129       129    1.9409    7.7044    7.3002
      9096       129       129    4.8147    3.2185    5.5672
      9097       129       129    4.4481    0.1490    3.2303
      9098       129       129    0.9868    8.1264    0.8234
      9099       129       129    7.5989    3.0123    7.8889
      9100       129       129    7.1001    9.7128    9.7181
      9101       129       129    0.8004    4.2843    8.3086
      9102       129       129    1.3681    0.5534    7.7708
      9103       129       129    8.1072    2.2905    8.5170
      9104       129       129    0.6103    2.0594    0.7445
      9105       129       129    5.4413    9.8236    7.6591
      9106       129       129    8.6832    9.8267    0.6170
      9107       129       129    4.7965    8.8521    8.1336
      9108       129       129    4.4331    2.9656    9.5535
      9109       129       129    8.7941    6.1130    4.6877
      9110       129       129    8.1865    2.7458    3.8277
      9111       129       129    8.6054    0.5277    9.9132
      9112       129       129    5.6806    5.9145    4.2502
      9113       129       129    3.6021    2.5469    4.1869
      9114       129       129    7.3559    2.5350    1.5305
      9115       129       129    9.7512    3.8742    5.8280
      9116       129       129    0.0355    9.6797    8.2957
      9117       129       129    1.8350    5.5806    7.3219
      9118       129       129    6.0441    6.3595    0.6680
      9119       129       129    4.4658    8.4727    1.5987
      9120       129       129    9.3256    0.1403    7.2312
      9121       129       129    8.1628    5.2030    1.4551
      9122       129       129    2.5504    9.2773    8.3879
      9123       129       129    9.7726    5.9809    3.7867
      9124       129       129    6.8201    6.8221    4.5625
      9125       129       129    7.0499    0.5905    9.7693
      9126       129       129    2.4293    8.9923    6.2239
      9127       129       129    2.6341    3.0110    7.0873
      9128       129       129    9.6501    4.1152    9.9759
      9129       129       129    9.7576    1.1833    4.8290
      9130       129       129    5.2948    7.2647    3.9653
      9131       129       129    9.6571    3.5366    3.3340
      9132       129       129    5.5441    7.0197    9.2975
      9133       129       129    1.8367    7.8241    8.8790
      9134       129       129    9.3220    6.7496    4.6403
      9135       129       129    9.3371    8.0831    9.1026
      9136       129       129    5.8671    3.6652    6.1340
      9137       129       129    1.6754    2.1513    9.6853
      9138       129       129    3.1056    8.3517    1.3389
      9139       129       129    4.6118    6.3182    8.6216
      9140       129       129    1.9065    1.7648    8.4814
      9141       129       129    5.2787    2.7817    2.5156
      9142       129       129    6.2615    7.4560    5.6647
      9143       129       129    1.0715    5.7546    4.9676
      9144       129       129    0.3450    1.8291    7.3867
      9145       129       129    5.3407    8.4705    8.4510
      9146       129       129    0.9566    5.6340    0.8002
      9147       129       129    5.8560    9.5930    6.7204
      9148       129       129    7.5930    1.3239    8.5597
      9149       129       129    0.7600    8.6252    1.0377
      9150       129       129    4.1945    1.9762    0.8590
      9151       129       129    7.8918    3.4624    4.5426
      9152       129       129    3.2670    7.4968    3.6158
      9153       129       129    9.5130    6.5416    7.4517
      9154       129       129    2.1481    4.6979    9.2580
      9155       129       129    9.1521    3.2049    0.6531
      9156       129       129    6.5159    4.5721    6.2762
      9157       129       129    2.4909    6.0545    1.8379
      9158       129       129    3.1159    8.5682    3.0954
      9159       129       129    4.5194    9.9078    7.4298
      9160       129       129    8.2853    1.7261    9.6846
      9161       129       129    9.6335    1.1978    6.5621
      9162       129       129    3.4283    5.4801    7.8425
      9163       129       129    7.2599    5.2019    6.8114
      9164       129       129    2.7988    0.8339    9.8563
      9165       129       129    6.3324    5.6554    8.5081
      9166       129       129    6.3488    2.1880    9.7370
      9167       129       129    4.9698    9.1397    9.8733
      9168       129       129    7.6122    8.0444    5.4509
      9169       129       129    2.1027    1.2990    0.4627
      9170       129       129    9.5834    5.9262    6.9727
      9171       129       129    4.8390    0.9622    5.8903
      9172       129       129    5.2772    7.8446    2.2240
      9173       129       129    6.2191    3.1351    7.9416
      9174       129       129    7.5328    3.4773    3.3251
      9175       129       129    9.4926    3.9336    7.3271
      9176       129       129    0.7736    1.6657    1.5956
      9177       129       129    8.9163    7.4982    0.4155
      9178       129       129    2.0995    7.2992    7.5367
      9179       129       129    3.7254    1.8501    7.8588
      9180       129       129    8.4078    2.3708    7.5152
      9181       129       129    7.5127    3.9416    1.8986
      9182       129       129    0.3207    6.4170    6.3655
      9183       129       129    1.9654    5.9649    0.7254
      9184       129       129    4.9280    4.2517    0.4244
      9185       129       129    0.0461    7.0055    7.9345
      9186       129       129    1.4682    3.8125    4.5098
      9187       129       129    1.9071    4.8493    7.7264
      9188       129       129    4.9839    1.2414    9.1642
      9189       129       129    0.5756    1.2816    8.4391
      9190       129       129    1.6067    5.9700    3.4916
      9191       129       129    3.7436    2.8262    4.4700
      9192       129       129    3.1060    9.4917    4.8506
      9193       129       129    6.2538    0.4268    8.3265
      9194       129       129    4.9960    9.2242    6.4606
      9195       129       129    7.3559    2.8267    7.8443
      9196       129       129    1.7147    2.1102    0.0439
      9197       129       129    7.5598    9.2299    4.8572
      9198       129       129    8.3309    5.8334    9.4031
      9199       129       129    9.6905    6.5990    7.3080
      9200       129       129    0.5166    3.0676    8.1960
      9201       129       129    5.3371    2.2375    6.1275
      9202       129       129    3.5438    3.1622    1.5058
      9203       129       129    9.2417    7.3508    7.9313
      9204       129       129    8.7081    0.1280    9.0834
      9205       129       129    0.9695    6.4818    4.7227
      9206       129       129    1.7461    6.1792    1.5578
      9207       129       129    5.9440    2.5229    7.9548
      9208       129       129    5.4012    2.3322    3.1211
      9209       129       129    2.9790    1.8124    8.0976
      9210       129       129    9.2585    4.3347    4.3680
      9211       129       129    5.0455    2.3946    7.6821
      9212       129       129    3.9479    3.7151    0.9572
      9213       129       129    4.4367    6.6656    9.6359
      9214       129       129    6.2032    9.9135    0.5365
      9215       129       129    2.8394    3.0140    4.7608
      9216       129       129    4.2924    4.4161    6.1395
      9217       129       129    9.8737    8.7874    8.0468
      9218       129       129    4.0597    4.6265    0.6148
      9219       129       129    6.3146    3.8317    9.5738
      9220       129       129    0.3824    2.4196    0.0153
      9221       129       129    5.6671    5.8995    9.4485
      9222       129       129    0.8326    9.2626    5.2930
      9223       129       129    5.0679    2.7490    8.1465
      9224       129       129    3.3071    7.5891    1.6075
      9225       129       129    9.2007    1.9818    5.1412
      9226       129       129    6.5655    3.8638    6.5558
      9227       129       129    0.4842    5.1682    3.8081
      9228       129       129    7.0613    5.1598    8.6047
      9229       129       129    8.2585    0.3816    3.5644
      9230       129       129    7.3655    7.5551    6.1440
      9231       129       129    7.3390    4.9894    8.9123
      9232       129       129    1.8160    0.2193    7.8850
      9233       129       129    1.3317    5.6467    1.3094
      9234       129       129    9.7117    6.4330    7.9282
      9235       129       129    9.1921    8.1213    7.8437
      9236       129       129    1.0129    7.2298    5.6798
      9237       129       129    8.6984    6.8339    8.1991
      9238       129       129    6.2147    2.1960    8.2777
      9239       129       129    8.3529    7.5159    3.2871
      9240       129       129    8.5157    5.1175    7.6119
      9241       129       129    8.3067    9.1483    9.1060
      9242       129       129    6.8884    0.9602    8.3665
      9243       129       129    3.7650    0.6792    0.7971
      9244       129       129    4.1500    5.7594    2.2764
      9245       129       129    2.1502    0.5662    1.5114
      9246       129       129    6.6765    6.9268    5.6059
      9247       129       129    1.0478    9.2421    9.9405
      9248       129       129    6.4626    8.9755    3.8503
      9249       129       129    1.8602    3.4989    8.4133
      9250       129       129    7.7263    9.2015    5.8622
      9251       129       129    5.3002    3.6901    8.6087
      9252       129       129    7.3421    4.9919    1.8563
      9253       129       129    7.4414    3.7458    7.5330
      9254       129       129    2.7446    2.7516    3.9701
      9255       129       129    6.4513    8.1282    5.3905
      9256       129       129    1.7046    2.2778    2.0733
      9257       129       129    0.2360    1.2629    5.6956
      9258       129       129    9.1585    3.2334    6.9567
      9259       129       129    6.7724    3.1787    3.6684
      9260       129       129    3.3668    7.6416    1.2645
      9261       129       129    1.4502    9.1526    1.6903
      9262       129       129    7.8464    3.9933    1.8679
      9263       129       129    8.7548    3.9365    1.6153
      9264       129       129    3.1861    1.6591    0.0297
      9265       129       129    5.6531    5.9906    1.0859
      9266       129       129    4.4934    9.4595    4.3168
      9267       129       129    4.7600    0.2878    3.3983
      9268       129       129    5.7139    1.9891    4.7767
      9269       129       129    7.0990    6.4170    1.1757
      9270       129       129    4.2792    8.8406    6.0014
      9271       129       129    2.7930    3.1459    3.0228
      9272       129       129    2.9756    7.4144    6.4919
      9273       129       129    0.5772    8.1773    1.8781
      9274       129       129    9.9330    5.2586    1.2018
      9275       129       129    7.7067    2.4568    1.0127
      9276       129       129    3.0422    2.2105    1.8075
      9277       129       129    8.4032    5.9421    1.4776
      9278       129       129    9.8899    8.2267    2.0685
      9279       129       129    4.3279    9.1746    9.3628
      9280       129       129    4.3918    0.9624    8.2823
      9281       129       129    2.9498    1.9577    8.6228
      9282       129       129    8.4490    1.2882    2.1327
      9283       129       129    9.9136    9.0948    5.8292
      9284       129       129    2.5210    6.7276    5.2532
      9285       129       129    2.2667    7.9386    4.4448
      9286       129       129    1.8305    0.0462    6.0328
      9287       129       129    4.8478    3.1027    8.8822
      9288       129       129    9.4897    8.8027    2.0696
      9289       129       129    6.3717    7.8658    1.8617
      9290       129       129    0.9473    8.2038    4.7848
      9291       129       129    7.7001    9.8869    1.6439
      9292       129       129    2.8228    7.6777    8.9212
      9293       129       129    7.4234    7.2937    3.7578
      9294       129       129    7.8794    8.6968    8.7326
      9295       129       129    3.8812    6.3552    3.4884
      9296       129       129    1.0227    9.6198    7.1477
      9297       129       129    6.0175    5.6971    4.4117
      9298       129       129    8.7453    1.8311    3.2514
      9299       129       129    3.5250    1.1879    7.3594
      9300       129       129    4.6262    9.3556    1.9371
      9301       129       129    2.4851    6.1986    3.1196
      9302       129       129    3.5346    7.0368    4.5510
      9303       129       129    6.2768    9.2965    2.9396
      9304       129       129    7.2335    9.8059    4.0513
      9305       129       129    6.9666    3.6812    3.7124
      9306       129       129    3.4605    0.3438    5.3824
      9307       129       129    7.8248    9.9985    3.9738
      9308       129       129    0.7621    3.3291    5.7611
      9309       129       129    3.0914    1.3097    5.7114
      9310       129       129    5.1372    8.8597    7.3816
      9311       129       129    2.3866    4.2163    7.3975
      9312       129       129    5.4644    7.3463    8.5314
      9313       129       129    5.7949    4.1244    2.7992
      9314       129       129    0.1797    1.5253    6.2098
      9315       129       129    5.6782    9.2223    3.8087
      9316       129       129    9.5999    0.3613    3.9045
      9317       129       129    4.8579    7.5619    6.2786
      9318       129       129    6.8006    5.4169    6.1259
      9319       129       129    0.5895    3.7823    3.6603
      9320       129       129    0.4121    5.0790    5.2897
      9321       129       129    2.3825    5.0934    3.1404
      9322       129       129    4.9224    2.5502    1.8332
      9323       129       129    8.2106    0.6050    5.2915
      9324       129       129    3.5656    5.2189    4.3661
      9325       129       129    9.3095    1.8874    2.5460
      9326       129       129    4.0534    3.5372    3.3000
      9327       129       129    0.8552    0.4724    4.4174
      9328       129       129    0.3178    5.9195    4.3212
      9329       129       129    0.4893    9.6746    3.3269
      9330       129       129    1.5594    7.6564    9.5301
      9331       129       129    6.2966    9.3717    0.0208
      9332       129       129    2.6043    8.4553    6.1253
      9333       129       129    0.9362    7.3802    4.4178
      9334       129       129    4.7270    3.9743    9.0353
      9335       129       129    7.3185    0.8352    4.2772
      9336       129       129    8.6914    0.5116    3.8754
      9337       129       129    1.5428    6.4087    0.4192
      9338       129       129    4.0109    6.9751    9.5759
      9339       129       129    3.3802    8.9713    6.4201
      9340       129       129    5.2721    4.7132    2.0225
      9341       129       129    5.9148    7.3418    8.1669
      9342       129       129    6.3606    0.7682    6.6606
      9343       129       129    6.7876    5.4034    0.0993
      9344       129       129    8.5346    1.7099    0.8422
      9345       129       129    3.3004    8.6338    5.9687
      9346       129       129    7.0653    7.5156    5.6867
      9347       129       129    2.7715    6.1621    9.7633
      9348       129       129    1.0627    9.8105    7.3559
      9349       129       129    2.3296    0.9978    7.4790
      9350       129       129    8.5009    8.5370    1.5899
      9351       129       129    9.4117    7.6573    1.3567
      9352       129       129    6.3322    6.5235    7.2719
      9353       129       129    1.3041    9.4028    3.0492
      9354       129       129    8.8650    4.8449    9.8364
      9355       129       129    3.8753    3.4933    5.9141
      9356       129       129    2.6712    6.4376    2.3055
      9357       129       129    1.6031    8.7495    5.4623
      9358       129       129    6.0239    7.4467    9.5149
      9359       129       129    4.3193    9.2376    7.5023
      9360       129       129    8.2606    8.9682    4.6095
      9361       129       129    4.3523    4.4807    7.8484
      9362       129       129    6.2582    8.7160    0.3663
      9363       129       129    3.9350    4.7101    6.5872
      9364       129       129    5.8657    3.5725    6.4812
      9365       129       129    5.2891    3.1461    9.7571
      9366       129       129    1.7666    4.3438    5.5253
      9367       129       129    4.3941    0.7952    9.0022
      9368       129       129    0.8202    7.8536    9.3257
      9369       129       129    8.9415    1.4181    8.5583
      9370       129       129    7.8828    1.8233    4.6203
      9371       129       129    1.1770    1.0735    4.5436
      9372       129       129    0.3041    8.6811    9.7068
      9373       129       129    8.3186    1.0369    9.3146
      9374       129       129    5.8225    1.1258    0.7454
      9375       129       129    3.0986    0.2943    8.4903
      9376       129       129    5.7760    3.8313    8.4484
      9377       129       129    1.3048    2.7445    7.2467
      9378       129       129    7.0235    4.3712    1.5872
      9379       129       129    6.3488    6.5923    7.4126
      9380       129       129    5.2279    8.6507    8.5263
      9381       129       129    7.6433    8.1787    8.0699
      9382       129       129    8.9874    0.5726    4.1895
      9383       129       129    1.3945    1.9492    5.5309
      9384       129       129    7.2150    7.8950    7.0218
      9385       129       129    2.5516    4.5396    2.8196
      9386       129       129    1.2837    2.3184    8.8722
      9387       129       129    1.7069    4.0570    3.2465
      9388       129       129    4.8798    5.8876    1.8360
      9389       129       129    7.4908    4.1311    7.4477
      9390       129       129    9.6170    2.7525    9.0709
      9391       129       129    5.0994    7.1198    4.6174
      9392       129       129    6.5464    4.4971    4.0896
      9393       129       129    0.3448    4.1723    9.9661
      9394       129       129    4.3855    2.7486    0.4743
      9395       129       129    1.8949    4.9118    2.3609
      9396       129       129    0.2307    7.5721    1.9983
      9397       129       129    8.1927    1.2188    9.6838
      9398       129       129    8.7429    3.8818    2.6464
      9399       129       129    8.9419    2.4684    8.4114
      9400       129       129    8.1893    3.8302    6.3769
      9401       129       129    5.8679    2.8837    0.7800
      9402       129       129    7.3238    7.0773    1.7393
      9403       129       129    9.4401    4.0357    9.3400
      9404       129       129    9.5633    5.6139    5.6877
      9405       129       129    9.7027    6.2838    2.4589
      9406       129       129    6.5042    5.6258    3.5134
      9407       129       129    3.0495    2.5042    8.7239
      9408       129       129    8.8091    4.0316    8.6773
      9409       129       129    8.3413    6.2693    9.5443
      9410       129       129    7.1772    1.4787    4.4083
      9411       129       129    1.1975    3.3177    4.3769
      9412       129       129    3.1506    5.5125    3.9726
      9413       129       129    7.2141    1.8030    3.8748
      9414       129       129    9.4717    0.1170    5.2355
      9415       129       129    8.0841    1.2164    9.6770
      9416       129       129    9.1298    0.9555    6.2152
      9417       129       129    5.5483    8.2401    2.3904
      9418       129       129    6.0604    8.1247    6.2818
      9419       129       129    1.6176    0.0158    5.3331
      9420       129       129    3.6875    8.5298    2.7552
      9421       129       129    0.3836    6.0734    7.0440
      9422       129       129    5.1068    4.5749    6.9281
      9423       129       129    2.2435    7.7580    2.9106
      9424       129       129    4.6160    0.3535    1.2666
      9425       129       129    1.2522    5.2206    8.5316
      9426       129       129    1.8958    9.8719    6.7723
      9427       129       129    0.8631    7.1750    9.8695
      9428       129       129    6.5921    1.4297    9.7897
      9429       129       129    3.9387    0.7085    2.8326
      9430       129       129    0.9195    4.0935    7.5379
      9431       129       129    0.0280    7.7246    2.9192
      9432       129       129    6.1132    6.6784    7.6280
      9433       129       129    0.8877    2.9566    8.4312
      9434       129       129    2.5837    5.1810    3.8337
      9435       129       129    0.7673    2.7340    9.1343
      9436       129       129    7.6446    7.4412    3.1375
      9437       129       129    5.7323    5.0238    3.8774
      9438       129       129    8.6964    7.7666    0.4180
      9439       129       129    5.8332    2.5392    3.0434
      9440       129       129    0.6250    1.2606    9.1952
      9441       129       129    7.7355    0.4224    2.0405
      9442       129       129    1.2823    9.2225    7.3667
      9443       129       129    9.6661    2.1274    8.1154
      9444       129       129    2.8155    4.2378    6.3541
      9445       129       129    8.7643    6.1714    8.0784
      9446       129       129    0.1973    5.5606    7.1757
      9447       129       129    5.0641    2.1870    1.0286
      9448       129       129    7.5218    1.2235    2.1025
      9449       129       129    6.3638    8.1290    2.1272
      9450       129       129    6.8856    2.5122    6.1783
      9451       129       129    0.0115    0.9002    2.9979
      9452       129       129    7.5426    3.8251    8.3863
      9453       129       129    5.1567    9.6408    1.2986
      9454       129       129    8.9261    1.2916    4.8819
      9455       129       129    5.9999    7.2831    2.0714
      9456       129       129    1.5118    0.9843    2.0162
      9457       129       129    1.5282    5.5787    1.4344
      9458       129       129    5.6505    9.1462    8.6329
      9459       129       129    8.4663    2.1779    6.4047
      9460       129       129    9.3567    7.4187    4.1840
      9461       129       129    3.2763    2.9554    3.8557
      9462       129       129    5.1231    5.5324    9.0478
      9463       129       129    3.0540    5.6579    8.0664
      9464       129       129    8.1186    5.8031    5.1492
      9465       129       129    8.0753    4.1477    3.9176
      9466       129       129    9.8939    2.8868    9.1901
      9467       129       129    0.3464    1.1156    5.1166
      9468       129       129    4.7578    3.1346    7.1121
      9469       129       129    8.5680    5.9052    8.5623
      9470       129       129    4.6143    8.8136    8.5257
      9471       129       129    1.1439    5.3371    2.0331
      9472       129       129    7.3818    8.8092    9.3169
      9473       129       129    2.4933    4.2081    9.0574
      9474       129       129    4.8520    3.7712    7.9500
      9475       129       129    5.7278    8.1010    6.8239
      9476       129       129    5.9932    7.5701    0.3589
      9477       129       129    3.6198    8.6284    6.0556
      9478       129       129    9.3413    4.2587    0.5013
      9479       129       129    4.5780    0.7136    7.1272
      9480       129       129    9.6411    2.0127    7.5876
      9481       129       129    7.7963    0.3473    2.0978
      9482       129       129    5.7730    1.2910    3.7892
      9483       129       129    4.6969    8.8784    9.3583
      9484       129       129    1.9945    2.3923    9.1438
      9485       129       129    8.3335    5.2556    5.3360
      9486       129       129    6.3704    9.6109    6.3976
      9487       129       129    0.3075    3.0980    6.2873
      9488       129       129    1.9734    1.6466    3.3726
      9489       129       129    7.2552    9.2143    8.6827
      9490       129       129    5.2979    3.8261    9.4960
      9491       129       129    6.3101    7.1038    6.7529
      9492       129       129    1.6373    5.0703    2.0091
      9493       129       129    9.2009    0.3121    2.3620
      9494       129       129    6.5444    0.4124    9.5768
      9495       129       129    3.5090    5.1238    1.3055
      9496       129       129    1.2640    0.8676    7.4132
      9497       129       129    3.3952    6.6578    7.4921
      9498       129       129    5.8083    5.4371    3.9826
      9499       129       129    0.0359    9.8524    1.9002
      9500       129       129    8.4428    6.9512    4.7612
      9501       129       129    5.6969    7.5984    0.1332
      9502       129       129    7.3665    4.3503    8.4296
      9503       129       129    4.7657    8.1876    4.4520
      9504       129       129    1.3045    3.8368    8.0726
      9505       129       129    3.8051    3.5971    8.7046
      9506       129       129    1.9778    1.7501    7.2904
      9507       129       129    3.8677    1.1389    2.3165
      9508       129       129    9.9386    9.6267    3.4132
      9509       129       129    6.4621    1.9482    4.7450
      9510       129       129    7.4277    5.7508    8.0339
      9511       129       129    1.5050    0.1723    9.9702
      9512       129       129    9.9568    4.8028    8.7512
      9513       129       129    5.8963    4.4301    8.2608
      9514       129       129    9.8848    7.3618    6.8018
      9515       129       129    6.3863    8.8446    5.9987
      9516       129       129    1.6159    6.0567    8.4906
      9517       129       129    2.4041    6.0110    6.8373
      9518       129       129    3.1165    2.9318    2.3512
      9519       129       129    4.4302    4.5118    6.4263
      9520       129       129    1.8924    6.4809    3.6000
      9521       129       129    3.1670    1.7697    4.6407
      9522       129       129    4.1654    7.2377    0.3851
      9523       129       129    6.4468    5.2613    7.5612
      9524       129       129    5.7638    7.2898    4.0173
      9525       129       129    5.0728    1.3354    7.6749
      9526       129       129    7.5292    7.7379    8.9063
      9527       129       129    5.9983    5.8450    0.9220
      9528       129       129    0.7878    1.7442    6.6273
      9529       129       129    3.8251    1.5872    2.5428
      9530       129       129    5.6293    4.4764    9.7838
      9531       129       129    0.5104    9.5512    5.1060
      9532       129       129    9.6596    1.6092    0.4667
      9533       129       129    7.2708    6.9264    7.4573
      9534       129       129    5.1169    9.8887    4.3505
      9535       129       129    3.6561    0.2496    1.7048
      9536       129       129    3.2162    0.1938    8.6981
      9537       129       129    3.5783    4.4513    0.6569
      9538       129       129    8.1773    7.5493    8.7600
      9539       129       129    2.3223    2.0180    4.3242
      9540       129       129    0.5650    2.1364    1.7962
      9541       129       129    8.9066    4.3707    6.8495
      9542       129       129    3.1697    3.1406    3.5889
      9543       129       129    8.8997    6.6138    8.8701
      9544       129       129    0.1120    7.6867    9.9044
      9545       129       129    8.2223    8.7010    9.2188
      9546       129       129    4.1234    0.2219    4.6873
      9547       129       129    3.6060    5.4395    1.9593
      9548       129       129    0.4954    9.8474    6.2402
      9549       129       129    4.1904    1.5831    2.3204
      9550       129       129    3.9027    3.9860    6.5422
      9551       129       129    4.7520    2.2741    5.1609
      9552       129       129    0.6062    0.0457    3.3486
      9553       129       129    4.9729    4.5361    3.6072
      9554       129       129    3.2558    1.2849    2.0108
      9555       129       129    4.4442    9.2709    7.0441
      9556       129       129    0.8230    5.8889    0.2547
      9557       129       129    6.2115    9.8875    4.5607
      9558       129       129    1.3741    5.7208    9.5483
      9559       129       129    6.9299    4.7528    5.3586
      9560       129       129    8.6395    5.4993    0.4665
      9561       129       129    7.7922    1.8063    9.0966
      9562       129       129    3.8614    5.7156    1.8261
      9563       129       129    8.2126    7.6784    5.8699
      9564       129       129    5.8157    3.8543    2.2965
      9565       129       129    5.2243    2.4084    4.3386
      9566       129       129    8.4413    2.9225    2.4475
      9567       129       129    2.5007    9.8125    5.6219
      9568       129       129    3.2366    6.5504    0.4192
      9569       129       129    7.0124    7.8352    4.9926
      9570       129       129    1.7345    9.3542    8.8700
      9571       129       129    8.1766    1.6017    3.0136
      9572       129       129    1.1238    4.8906    5.7443
      9573       129       129    8.9363    6.5483    5.2757
      9574       129       129    5.0767    2.2463    8.9984
      9575       129       129    0.9468    5.2823    9.4326
      9576       129       129    0.9216    9.4391    6.1319
      9577       129       129    8.0145    2.1553    6.5845
      9578       129       129    9.0885    2.4140    5.6828
      9579       129       129    1.4883    8.4462    6.6530
      9580       129       129    8.2448    4.2516    6.1615
      9581       129       129    5.4822    2.0300    3.9412
      9582       129       129    1.8375    8.5121    7.6436
      9583       129       129    0.4602    0.9275    7.0700
      9584       129       129    5.7047    1.3297    2.1617
      9585       129       129    7.2267    5.2536    5.0311
      9586       129       129    5.4926    0.9995    7.6903
      9587       129       129    1.8878    4.6327    5.6344
      9588       129       129    4.6638    0.5846    0.0469
      9589       129       129    4.6549    5.3633    0.8307
      9590       129       129    2.1963    2.5932    0.8941
      9591       129       129    2.4822    8.2181    7.0940
      9592       129       129    7.1664    7.3261    1.5844
      9593       129       129    0.6466    0.4167    3.3363
      9594       129       129    5.0852    1.1637    8.3536
      9595       129       129    6.2533    2.6143    4.4193
      9596       129       129    1.1215    6.4563    8.7236
      9597       129       129    7.9869    0.5331    3.6744
      9598       129       129    4.3335    7.6789    3.6083
      9599       129       129    3.9022    1.0054    6.5082
      9600       129       129    5.9543    0.2998    8.5109
      9601       129       129    7.2819    4.6004    1.5766
      9602       129       129    8.1389    4.1246    5.3046
      9603       129       129    8.1533    3.2484    5.3048
      9604       129       129    6.5879    8.2375    5.0250
      9605       129       129    7.3682    6.2700    3.3528
      9606       129       129    8.2522    3.1792    3.6643
      9607       129       129    2.5871    0.2237    7.4929
      9608       129       129    0.3491    5.0178    6.1044
      9609       129       129    0.3326    7.6551    4.8627
      9610       129       129    6.3391    4.6217    4.6371
      9611       129       129    7.1524    2.1444    9.1394
      9612       129       129    0.6066    6.2228    8.7835
      9613       129       129    8.7948    5.7291    7.5345
      9614       129       129    7.2984    8.6561    8.0937
      9615       129       129    0.8112    1.0624    3.1590
      9616       129       129    4.1488    5.1812    3.4808
      9617       129       129    8.8696    6.7442    5.9165
      9618       129       129    9.1409    3.9711    9.5340
      9619       129       129    8.3361    3.3107    1.4643
      9620       129       129    2.2876    0.9500    5.0700
      9621       129       129    7.7629    3.2475    9.5861
      9622       129       129    4.7011    9.1517    7.6817
      9623       129       129    2.5385    0.7650    8.0075
      9624       129       129    0.7005    9.1726    5.6869
      9625       129       129    7.9659    7.5262    0.5125
      9626       129       129    4.5906    7.5153    6.2947
      9627       129       129    1.7086    3.1114    2.2854
      9628       129       129    0.6554    3.8757    0.1005
      9629       129       129    2.7489    8.5950    9.5798
      9630       129       129    2.7974    7.4834    6.4829
      9631       129       129    1.3334    0.2861    2.8398
      9632       129       129    8.8788    5.7666    7.1047
      9633       129       129    4.2621    6.6007    2.4322
      9634       129       129    9.3950    4.7461    3.4959
      9635       129       129    2.0557    9.4797    0.6356
      9636       129       129    3.0760    5.3175    6.9358
      9637       129       129    7.4118    0.8171    4.3657
      9638       129       129    5.7875    3.2085    5.5722
      9639       129       129    3.9192    9.2213    8.5885
      9640       129       129    0.6521    0.6075    5.9366
      9641       129       129    7.2803    6.6774    6.1315
      9642       129       129    0.3351    8.8837    2.1842
      9643       129       129    3.2571    5.0203    6.2166
      9644       129       129    0.8889    0.6132    4.8631
      9645       129       129    7.3519    8.3858    2.4268
      9646       129       129    2.6663    6.6123    8.0371
      9647       129       129    5.1805    7.3882    8.4936
      9648       129       129    2.0639    8.3686    8.9844
      9649       129       129    4.0698    8.1765    5.0939
      9650       129       129    1.2043    8.1192    1.4784
      9651       129       129    4.0240    0.2729    0.4153
      9652       129       129    3.0638    0.6021    7.3957
      9653       129       129    0.3204    7.0531    7.2414
      9654       129       129    8.3529    5.1377    5.0270
      9655       129       129    0.8056    9.6648    4.1608
      9656       129       129    9.5865    3.1829    1.1916
      9657       129       129    9.8195    9.3024    0.7820
      9658       129       129    6.9282    7.4244    2.1412
      9659       129       129    4.1475    9.4166    8.3546
      9660       129       129    0.2340    3.1883    7.3690
      9661       129       129    5.5739    2.9645    0.9917
      9662       129       129    3.7784    6.3204    5.2976
      9663       129       129    3.7516    8.8152    3.4963
      9664       129       129    3.1745    8.1856    6.5692
      9665       129       129    8.9734    3.0190    2.7849
      9666       129       129    3.9731    2.7356    4.1752
      9667       129       129    7.0014    7.3511    9.9112
      9668       129       129    1.5915    3.0547    4.1640
      9669       129       129    8.8113    2.9207    6.2501
      9670       129       129    8.8454    7.6272    8.1885
      9671       129       129    8.1502    0.6607    5.5504
      9672       129       129    6.8862    8.8693    6.2389
      9673       129       129    3.8868    5.0961    1.7221
      9674       129       129    7.5369    2.0358    3.0708
      9675       129       129    2.0425    3.6881    4.6648
      9676       129       129    1.8485    1.1853    5.9430
      9677       129       129    7.5256    9.2425    2.0563
      9678       129       129    0.9015    3.6652    3.2697
      9679       129       129    0.2164    4.2895    7.6921
      9680       129       129    1.9140    9.3663    6.2245
      9681       129       129    8.3331    5.9560    8.8418
      9682       129       129    2.9700    8.6378    5.4650
      9683       129       129    0.9310    8.0492    1.9072
      9684       129       129    0.8543    0.8131    3.9577
      9685       129       129    4.5947    0.7201    3.0917
      9686       129       129    2.2244    8.8476    4.9589
      9687       129       129    5.3746    4.5117    0.9607
      9688       129       129    3.8045    7.5731    3.5595
      9689       129       129    0.8751    0.1695    5.0984
      9690       129       129    4.7867    1.4348    3.8700
      9691       129       129    0.8430    9.0291    6.4922
      9692       129       129    3.9102    8.7625    8.7892
      9693       129       129    9.8896    9.1464    8.3503
      9694       129       129    5.6868    6.6694    2.7020
      9695       129       129    1.0868    3.8187    4.8264
      9696       129       129    9.8445    7.7359    0.3754
      9697       129       129    6.5259    9.3290    6.7860
      9698       129       129    4.2714    4.0517    4.1790
      9699       129       129    5.2015    3.5423    4.3783
      9700       129       129    1.8916    7.2697    0.3199
      9701       129       129    2.2168    4.0969    9.5442
      9702       129       129    2.7644    1.4094    9.1445
      9703       129       129    3.0629    6.3867    2.3799
      9704       129       129    2.4291    9.8662    5.2538
      9705       129       129    1.0134    0.0643    2.3458
      9706       129       129    4.6900    2.8170    2.4789
      9707       129       129    3.1696    8.2557    0.4038
      9708       129       129    3.6844    2.0502    4.5806
      9709       129       129    3.7380    0.0471    7.1125
      9710       129       129    5.3764    4.4894    3.4876
      9711       129       129    2.2681    9.2682    9.5584
      9712       129       129    8.9670    6.4607    1.5575
      9713       129       129    5.2453    9.4174    8.7978
      9714       129       129    2.3406    4.9012    9.1926
      9715       129       129    0.6182    6.7436    8.0803
      9716       129       129    0.9760    0.9788    9.9605
      9717       129       129    5.3127    1.4051    4.3527
      9718       129       129    2.3526    1.3967    6.6463
      9719       129       129    8.0955    2.9388    0.7160
      9720       129       129    4.5441    7.8377    1.6892
      9721       129       129    2.2032    9.4917    5.4891
      9722       129       129    0.5465    4.6970    3.8445
      9723       129       129    1.5718    2.7323    6.1710
      9724       129       129    1.6856    9.5079    8.2266
      9725       129       129    1.8217    3.7677    7.8554
      9726       129       129    6.4813    8.4597    2.9982
      9727       129       129    1.0865    2.8466    3.1190
      9728       129       129    9.4339    6.7712    7.5293
      9729       129       129    0.5526    6.9098    3.3849
      9730       129       129    8.4118    6.9233    2.8409
      9731       129       129    6.7605    4.7483    0.9796
      9732       129       129    5.1177    2.2291    0.0232
      9733       129       129    5.5406    8.9471    9.4377
      9734       129       129    7.4051    7.6226    1.4540
      9735       129       129    1.9801    9.3854    3.7974
      9736       129       129    6.8402    6.5862    2.3649
      9737       129       129    0.2060    3.5510    5.1803
      9738       129       129    9.5931    3.4460    8.9508
      9739       129       129    9.8541    8.5938    0.2128
      9740       129       129    1.2071    2.7909    6.4759
      9741       129       129    3.6813    2.3396    6.5228
      9742       129       129    7.9807    1.6690    2.3505
      9743       129       129    3.8199    5.1795    4.0095
      9744       129       129    3.1934    4.9653    7.2763
      9745       129       129    8.7059    4.9022    4.1430
      9746       129       129    9.6148    7.8256    3.5081
      9747       129       129    2.5478    3.5748    2.5796
      9748       129       129    6.5455    1.9998    0.6477
      9749       129       129    6.7317    5.6959    1.7241
      9750       129       129    6.2209    1.9000    7.7048
      9751       129       129    0.1631    7.7085    4.3752
      9752       129       129    9.3648    1.4572    5.9566
      9753       129       129    8.8495    6.7296    3.8935
      9754       129       129    8.3110    8.7156    5.4521
      9755       129       129    4.4617    6.2529    5.8837
      9756       129       129    7.7152    7.1345    5.0996
      9757       129       129    1.2224    7.4196    3.6619
      9758       129       129    1.8817    7.0767    5.1632
      9759       129       129    5.6500    1.6896    0.9818
      9760       129       129    9.0168    4.4771    8.0060
      9761       129       129    6.6954    6.4972    8.8770
      9762       129       129    3.4449    8.8174    4.0172
      9763       129       129    7.9339    1.7206    8.5428
      9764       129       129    5.2816    6.5862    5.9603
      9765       129       129    4.7251    9.1951    6.7554
      9766       129       129    6.2541    6.5497    9.5914
      9767       129       129    5.3669    0.0873    8.2406
      9768       129       129    7.5618    3.2974    3.9049
      9769       129       129    3.5440    5.4693    2.0716
      9770       129       129    9.1639    2.8821    9.7638
      9771       129       129    5.6545    8.4543    6.6068
      9772       129       129    7.8669    5.6975    2.6164
      9773       129       129    8.4130    2.3548    8.5639
      9774       129       129    8.6938    6.4486    6.6491
      9775       129       129    9.2525    2.5968    6.9245
      9776       129       129    8.1584    6.2103    3.3572
      9777       129       129    3.3576    3.5192    1.8132
      9778       129       129    5.9327    5.4550    7.2432
